cam0:
  T_cam_imu:
  - [0.9998587925161474, -0.01680328822089241, 0.0002110287115842895, 0.005182109850389515]
  - [0.01680415170057047, 0.999845566205298, -0.005144339144253741, 0.0010097520768255273]
  - [-0.00012455430827265382, 0.005147158883549735, 0.9999867455329854, -0.019909287448087138]
  - [0.0, 0.0, 0.0, 1.0]
  cam_overlaps: [1]
  camera_model: pinhole
  distortion_coeffs: [-0.007158752531220152, -0.005879857571334, 0.0038873292727040127,
    -0.0013043179597473369]
  distortion_model: radtan
  intrinsics: [389.85346401151946, 388.8709359230569, 322.2597288251656, 238.73122166381484]
  resolution: [640, 480]
  rostopic: /camera/infra1/image_rect_raw
  timeshift_cam_imu: -0.007525748995798397
cam1:
  T_cam_imu:
  - [0.9998468466066152, -0.017489488511880983, 0.0006333422461218879, -0.04482057181652879]
  - [0.017491520022726328, 0.9998413716933703, -0.0033582998100739115, 0.0007938842463450209]
  - [-0.0005745068341661288, 0.0033688635936412743, 0.9999941603329416, -0.019816780441748918]
  - [0.0, 0.0, 0.0, 1.0]
  T_cn_cnm1:
  - [0.9999996753188641, -0.000688467583396559, 0.000418777442987626, -0.049993647242323636]
  - [0.0006877186477770049, 0.9999981687853431, 0.001785908456675157, -0.00018387365016673315]
  - [-0.00042000621619557035, -0.0017856198757675652, 0.9999983175768004, 9.645306221934112e-05]
  - [0.0, 0.0, 0.0, 1.0]
  cam_overlaps: [0]
  camera_model: pinhole
  distortion_coeffs: [0.00013381518178213675, -0.01925025601258114, 0.0032920636218917447,
    -0.0027032999728568]
  distortion_model: radtan
  intrinsics: [388.93433344287894, 388.3438108582531, 321.61421744372774, 238.9247183543856]
  resolution: [640, 480]
  rostopic: /camera/infra2/image_rect_raw
  timeshift_cam_imu: -0.0075571940604256425
T_imu_body:
  [1.0000, 0.0000, 0.0000, 0.0000,
  0.0000, 1.0000, 0.0000, 0.0000,
  0.0000, 0.0000, 1.0000, 0.0000,
  0.0000, 0.0000, 0.0000, 1.0000]
